1;Credit;Иванов Сергей Петрович;89001112233;2026-04-15;365;0;15.00;0;50000.00;57500.00;1;500.00;2.00;0
2;Credit;Петрова Анна Михайловна;89112223344;2026-03-20;180;1;12.00;1;100000.00;104522.17;1;0.00;3.00;1
3;Credit;Сидоров Дмитрий Владимирович;89223334455;2026-02-10;90;2;18.00;2;25000.00;29500.00;0;1000.00;5.00;2
4;Credit;Козлов Артём Алексеевич;89334445566;2026-01-05;730;0;10.00;0;150000.00;180000.00;1;2000.00;1.50;0
5;Credit;Морозов Никита Сергеевич;89445556677;2026-04-01;60;1;14.00;1;30000.00;31050.00;1;300.00;4.00;1
6;Credit;Волков Андрей Павлович;89556667788;2025-12-01;90;2;14.00;2;500.00;572.50;0;1500.00;2.50;2
7;Credit;Лебедев Максим Игоревич;89667778899;2025-10-15;180;0;11.00;0;40000.00;42169.86;1;0.00;3.00;0
8;Credit;Семёнов Роман Викторович;89778889900;2025-08-20;365;1;13.00;1;120000.00;129905.87;1;2500.00;2.00;1
9;Credit;Егоров Павел Денисович;89889990011;2024-11-28;120;2;20.00;2;20000.00;24000.00;0;800.00;5.00;2
10;Credit;Павлов Илья Андреевич;89990001122;2025-09-20;180;0;9.50;0;60000.00;62810.96;1;1000.00;3.00;0
11;Credit;Николаев Владислав Олегович;89001113344;2025-06-25;90;1;15.00;1;45000.00;0.00;1;0.00;4.00;1
12;Credit;Орлов Денис Валерьевич;89112224455;2025-05-10;365;2;12.00;2;80000.00;0.00;0;0.00;2.50;2
13;Credit;Макаров Богдан Степанович;89223335566;2025-07-05;60;0;8.50;0;35000.00;0.00;1;0.00;2.00;0
14;Credit;Зайцев Григорий Юрьевич;89334446677;2025-04-15;270;1;10.00;1;95000.00;0.00;1;0.00;1.50;1
15;Credit;Борисов Артём Дмитриевич;89445557788;2025-03-20;180;2;17.00;2;55000.00;0.00;0;0.00;4.00;2
16;Deposit;Кузнецов Артём Павлович;89998887766;2026-01-15;365;0;8.00;0;50000.00;54149.98;1;0.00;0.00;0
17;Deposit;Смирнова Елена Дмитриевна;89776665544;2025-12-01;730;1;9.50;1;100000.00;120656.67;1;0.00;0.00;0
18;Deposit;Васильев Михаил Романович;89665554433;2026-02-20;180;2;7.00;2;25000.00;25848.22;1;0.00;0.00;0
19;Deposit;Гусев Александр Ильич;89554443322;2026-04-10;90;0;6.50;0;15000.00;15241.69;1;0.00;0.00;0
20;Deposit;Фомин Кирилл Андреевич;89443332211;2026-03-01;365;1;8.50;1;35000.00;38071.18;1;0.00;0.00;0
21;Deposit;Давыдов Станислав Петрович;89332221100;2025-11-15;545;2;10.00;2;60000.00;69176.21;1;0.00;0.00;0
22;Deposit;Тарасов Николай Викторович;89221110099;2026-04-25;60;0;5.00;0;8000.00;8065.89;1;0.00;0.00;0
23;Deposit;Белов Марк Денисович;89110009988;2026-02-05;270;1;7.50;1;45000.00;47542.70;1;0.00;0.00;0
24;Deposit;Мельников Тимофей Олегович;89009998877;2026-03-18;120;2;6.00;2;20000.00;20386.83;1;0.00;0.00;0
25;Deposit;Кравцов Лев Семёнович;88998887766;2025-10-20;730;0;9.00;0;75000.00;89731.01;1;0.00;0.00;0
26;Deposit;Антонов Платон Игоревич;88887776655;2025-08-30;180;1;8.00;1;30000.00;31195.07;1;0.00;0.00;0
27;Deposit;Яковлев Матвей Алексеевич;88776665544;2025-07-20;365;2;7.50;2;55000.00;59125.00;1;0.00;0.00;0
28;Deposit;Филатов Дмитрий Валерьевич;88665554433;2026-04-05;90;0;5.50;0;12000.00;12163.47;1;0.00;0.00;0
29;Deposit;Исаков Арсений Павлович;88554443322;2025-09-01;545;1;10.50;1;85000.00;99226.95;1;0.00;0.00;0
30;Deposit;Сорокин Даниил Максимович;88443332211;2025-12-10;270;2;8.00;2;40000.00;42343.27;1;0.00;0.00;0
